num1 <- 1
num2 <- 2
num <- num1 + num2
ber <- num * 150
ber
